20,1 10,0 20,1 
5,3 40,2 5,3 20,1 5,3 40,2 5,3 10,0 5,3 40,2 5,3 20,1 5,3 40,2 5,3 
10,0 
20,1 10,0 20,1 

40,2 20,1 40,2 10,0 40,2 20,1 40,2 
5,3 40,2 5,3 20,1 5,3 40,2 5,3 10,0 5,3 40,2 5,3 20,1 5,3 40,2 5,3 
5,3 40,2 5,3 20,1 5,3 40,2 5,3 10,0 5,3 40,2 5,3 20,1 5,3 40,2 5,3 
5,3 40,2 5,3 20,1 5,3 40,2 5,3 10,0 5,3 40,2 5,3 20,1 5,3 40,2 5,3 
5,3 40,2 5,3 20,1 5,3 40,2 5,3 10,0 5,3 40,2 5,3 20,1 5,3 40,2 5,3 
5,3 40,2 5,3 20,1 5,3 40,2 5,3 10,0 5,3 40,2 5,3 20,1 5,3 40,2 5,3 
5,3 40,2 5,3 20,1 5,3 40,2 5,3 10,0 5,3 40,2 5,3 20,1 5,3 40,2 5,3 
5,3 40,2 5,3 20,1 5,3 40,2 5,3 10,0 5,3 40,2 5,3 20,1 5,3 40,2 5,3 
5,3 40,2 5,3 20,1 5,3 40,2 5,3 10,0 5,3 40,2 5,3 20,1 5,3 40,2 5,3 
5,3 40,2 5,3 20,1 5,3 40,2 5,3 10,0 5,3 40,2 5,3 20,1 5,3 40,2 5,3 
5,3 40,2 5,3 20,1 5,3 40,2 5,3 10,0 5,3 40,2 5,3 20,1 5,3 40,2 5,3 
5,3 40,2 5,3 20,1 5,3 40,2 5,3 10,0 5,3 40,2 5,3 20,1 5,3 40,2 5,3 
5,3 40,2 5,3 20,1 5,3 40,2 5,3 10,0 5,3 40,2 5,3 20,1 5,3 40,2 5,3 
5,3 40,2 5,3 20,1 5,3 40,2 5,3 10,0 5,3 40,2 5,3 20,1 5,3 40,2 5,3 
5,3 40,2 5,3 20,1 5,3 40,2 5,3 10,0 5,3 40,2 5,3 20,1 5,3 40,2 5,3 
5,3 40,2 5,3 20,1 5,3 40,2 5,3 10,0 5,3 40,2 5,3 20,1 5,3 40,2 5,3 
5,3 40,2 5,3 20,1 5,3 40,2 5,3 10,0 5,3 40,2 5,3 20,1 5,3 40,2 5,3 
5,3 40,2 5,3 20,1 5,3 40,2 5,3 10,0 5,3 40,2 5,3 20,1 5,3 40,2 5,3 
